MEME version 4

ALPHABET= ACGT

strands: + -

Background letter frequencies (from uniform background):
A 0.25000 C 0.25000 G 0.25000 T 0.25000

MOTIF Q3MIS6:1-4|RCADE_ZNF528_0_7

letter-probability matrix: alength= 4 w= 8 nsites= 1 E= 0
  0.061671	  0.000663	  0.934350	  0.003316	
  0.066976	  0.003316	  0.929045	  0.000663	
  0.998011	  0.000663	  0.000663	  0.000663	
  0.902520	  0.003316	  0.090849	  0.003316	
  0.000663	  0.000663	  0.998011	  0.000663	
  0.082891	  0.279178	  0.127984	  0.509947	
  0.120027	  0.878647	  0.000663	  0.000663	
  0.929045	  0.003316	  0.066976	  0.000663	

URL http://

MOTIF Q3MIS6:1-4|RCADE_ZNF528_0_8

letter-probability matrix: alength= 4 w= 9 nsites= 1 E= 0
  0.061671	  0.000663	  0.934350	  0.003316	
  0.066976	  0.003316	  0.929045	  0.000663	
  0.998011	  0.000663	  0.000663	  0.000663	
  0.902520	  0.003316	  0.090849	  0.003316	
  0.000663	  0.000663	  0.998011	  0.000663	
  0.082891	  0.279178	  0.127984	  0.509947	
  0.120027	  0.878647	  0.000663	  0.000663	
  0.929045	  0.003316	  0.066976	  0.000663	
  0.019231	  0.120027	  0.008621	  0.852122	

URL http://

MOTIF Q3MIS6:1-4|RCADE_ZNF528_0_9

letter-probability matrix: alength= 4 w= 10 nsites= 1 E= 0
  0.061671	  0.000663	  0.934350	  0.003316	
  0.066976	  0.003316	  0.929045	  0.000663	
  0.998011	  0.000663	  0.000663	  0.000663	
  0.902520	  0.003316	  0.090849	  0.003316	
  0.000663	  0.000663	  0.998011	  0.000663	
  0.082891	  0.279178	  0.127984	  0.509947	
  0.120027	  0.878647	  0.000663	  0.000663	
  0.929045	  0.003316	  0.066976	  0.000663	
  0.019231	  0.120027	  0.008621	  0.852122	
  0.000663	  0.032493	  0.005968	  0.960875	

URL http://

MOTIF Q3MIS6:1-4|RCADE_ZNF528_0_10

letter-probability matrix: alength= 4 w= 11 nsites= 1 E= 0
  0.061671	  0.000663	  0.934350	  0.003316	
  0.066976	  0.003316	  0.929045	  0.000663	
  0.998011	  0.000663	  0.000663	  0.000663	
  0.902520	  0.003316	  0.090849	  0.003316	
  0.000663	  0.000663	  0.998011	  0.000663	
  0.082891	  0.279178	  0.127984	  0.509947	
  0.120027	  0.878647	  0.000663	  0.000663	
  0.929045	  0.003316	  0.066976	  0.000663	
  0.019231	  0.120027	  0.008621	  0.852122	
  0.000663	  0.032493	  0.005968	  0.960875	
  0.003316	  0.005968	  0.125332	  0.865385	

URL http://

MOTIF Q3MIS6:1-4|RCADE_ZNF528_1_11

letter-probability matrix: alength= 4 w= 11 nsites= 1 E= 0
  0.066976	  0.003316	  0.929045	  0.000663	
  0.998011	  0.000663	  0.000663	  0.000663	
  0.902520	  0.003316	  0.090849	  0.003316	
  0.000663	  0.000663	  0.998011	  0.000663	
  0.082891	  0.279178	  0.127984	  0.509947	
  0.120027	  0.878647	  0.000663	  0.000663	
  0.929045	  0.003316	  0.066976	  0.000663	
  0.019231	  0.120027	  0.008621	  0.852122	
  0.000663	  0.032493	  0.005968	  0.960875	
  0.003316	  0.005968	  0.125332	  0.865385	
  0.000663	  0.952918	  0.000663	  0.045756	

URL http://

MOTIF Q3MIS6:1-4|RCADE_ZNF528_2_11

letter-probability matrix: alength= 4 w= 10 nsites= 1 E= 0
  0.998011	  0.000663	  0.000663	  0.000663	
  0.902520	  0.003316	  0.090849	  0.003316	
  0.000663	  0.000663	  0.998011	  0.000663	
  0.082891	  0.279178	  0.127984	  0.509947	
  0.120027	  0.878647	  0.000663	  0.000663	
  0.929045	  0.003316	  0.066976	  0.000663	
  0.019231	  0.120027	  0.008621	  0.852122	
  0.000663	  0.032493	  0.005968	  0.960875	
  0.003316	  0.005968	  0.125332	  0.865385	
  0.000663	  0.952918	  0.000663	  0.045756	

URL http://

MOTIF Q3MIS6:1-4|RCADE_ZNF528_3_11

letter-probability matrix: alength= 4 w= 9 nsites= 1 E= 0
  0.902520	  0.003316	  0.090849	  0.003316	
  0.000663	  0.000663	  0.998011	  0.000663	
  0.082891	  0.279178	  0.127984	  0.509947	
  0.120027	  0.878647	  0.000663	  0.000663	
  0.929045	  0.003316	  0.066976	  0.000663	
  0.019231	  0.120027	  0.008621	  0.852122	
  0.000663	  0.032493	  0.005968	  0.960875	
  0.003316	  0.005968	  0.125332	  0.865385	
  0.000663	  0.952918	  0.000663	  0.045756	

URL http://

MOTIF Q3MIS6:1-4|RCADE_ZNF528_4_11

letter-probability matrix: alength= 4 w= 8 nsites= 1 E= 0
  0.000663	  0.000663	  0.998011	  0.000663	
  0.082891	  0.279178	  0.127984	  0.509947	
  0.120027	  0.878647	  0.000663	  0.000663	
  0.929045	  0.003316	  0.066976	  0.000663	
  0.019231	  0.120027	  0.008621	  0.852122	
  0.000663	  0.032493	  0.005968	  0.960875	
  0.003316	  0.005968	  0.125332	  0.865385	
  0.000663	  0.952918	  0.000663	  0.045756	

URL http://

MOTIF P10073:1-6|RCADE_ZSCAN22_0_7

letter-probability matrix: alength= 4 w= 8 nsites= 1 E= 0
  0.115642	  0.129011	  0.717246	  0.038102	
  0.137032	  0.126337	  0.235963	  0.500668	
  0.048797	  0.701203	  0.201203	  0.048797	
  0.276070	  0.340241	  0.059492	  0.324198	
  0.040775	  0.000668	  0.957888	  0.000668	
  0.941845	  0.000668	  0.022059	  0.035428	
  0.043449	  0.161096	  0.412433	  0.383021	
  0.070187	  0.022059	  0.901738	  0.006016	

URL http://

MOTIF P10073:1-6|RCADE_ZSCAN22_0_8

letter-probability matrix: alength= 4 w= 9 nsites= 1 E= 0
  0.115642	  0.129011	  0.717246	  0.038102	
  0.137032	  0.126337	  0.235963	  0.500668	
  0.048797	  0.701203	  0.201203	  0.048797	
  0.276070	  0.340241	  0.059492	  0.324198	
  0.040775	  0.000668	  0.957888	  0.000668	
  0.941845	  0.000668	  0.022059	  0.035428	
  0.043449	  0.161096	  0.412433	  0.383021	
  0.070187	  0.022059	  0.901738	  0.006016	
  0.027406	  0.000668	  0.971257	  0.000668	

URL http://

MOTIF P10073:1-6|RCADE_ZSCAN22_0_9

letter-probability matrix: alength= 4 w= 10 nsites= 1 E= 0
  0.115642	  0.129011	  0.717246	  0.038102	
  0.137032	  0.126337	  0.235963	  0.500668	
  0.048797	  0.701203	  0.201203	  0.048797	
  0.276070	  0.340241	  0.059492	  0.324198	
  0.040775	  0.000668	  0.957888	  0.000668	
  0.941845	  0.000668	  0.022059	  0.035428	
  0.043449	  0.161096	  0.412433	  0.383021	
  0.070187	  0.022059	  0.901738	  0.006016	
  0.027406	  0.000668	  0.971257	  0.000668	
  0.377674	  0.409759	  0.134358	  0.078209	

URL http://

MOTIF P10073:1-6|RCADE_ZSCAN22_0_10

letter-probability matrix: alength= 4 w= 11 nsites= 1 E= 0
  0.115642	  0.129011	  0.717246	  0.038102	
  0.137032	  0.126337	  0.235963	  0.500668	
  0.048797	  0.701203	  0.201203	  0.048797	
  0.276070	  0.340241	  0.059492	  0.324198	
  0.040775	  0.000668	  0.957888	  0.000668	
  0.941845	  0.000668	  0.022059	  0.035428	
  0.043449	  0.161096	  0.412433	  0.383021	
  0.070187	  0.022059	  0.901738	  0.006016	
  0.027406	  0.000668	  0.971257	  0.000668	
  0.377674	  0.409759	  0.134358	  0.078209	
  0.115642	  0.006016	  0.877674	  0.000668	

URL http://

MOTIF P10073:1-6|RCADE_ZSCAN22_1_11

letter-probability matrix: alength= 4 w= 11 nsites= 1 E= 0
  0.137032	  0.126337	  0.235963	  0.500668	
  0.048797	  0.701203	  0.201203	  0.048797	
  0.276070	  0.340241	  0.059492	  0.324198	
  0.040775	  0.000668	  0.957888	  0.000668	
  0.941845	  0.000668	  0.022059	  0.035428	
  0.043449	  0.161096	  0.412433	  0.383021	
  0.070187	  0.022059	  0.901738	  0.006016	
  0.027406	  0.000668	  0.971257	  0.000668	
  0.377674	  0.409759	  0.134358	  0.078209	
  0.115642	  0.006016	  0.877674	  0.000668	
  0.000668	  0.006016	  0.992647	  0.000668	

URL http://

MOTIF P10073:1-6|RCADE_ZSCAN22_2_12

letter-probability matrix: alength= 4 w= 11 nsites= 1 E= 0
  0.048797	  0.701203	  0.201203	  0.048797	
  0.276070	  0.340241	  0.059492	  0.324198	
  0.040775	  0.000668	  0.957888	  0.000668	
  0.941845	  0.000668	  0.022059	  0.035428	
  0.043449	  0.161096	  0.412433	  0.383021	
  0.070187	  0.022059	  0.901738	  0.006016	
  0.027406	  0.000668	  0.971257	  0.000668	
  0.377674	  0.409759	  0.134358	  0.078209	
  0.115642	  0.006016	  0.877674	  0.000668	
  0.000668	  0.006016	  0.992647	  0.000668	
  0.722594	  0.217246	  0.038102	  0.022059	

URL http://

MOTIF P10073:1-6|RCADE_ZSCAN22_3_13

letter-probability matrix: alength= 4 w= 11 nsites= 1 E= 0
  0.276070	  0.340241	  0.059492	  0.324198	
  0.040775	  0.000668	  0.957888	  0.000668	
  0.941845	  0.000668	  0.022059	  0.035428	
  0.043449	  0.161096	  0.412433	  0.383021	
  0.070187	  0.022059	  0.901738	  0.006016	
  0.027406	  0.000668	  0.971257	  0.000668	
  0.377674	  0.409759	  0.134358	  0.078209	
  0.115642	  0.006016	  0.877674	  0.000668	
  0.000668	  0.006016	  0.992647	  0.000668	
  0.722594	  0.217246	  0.038102	  0.022059	
  0.043449	  0.006016	  0.936497	  0.014037	

URL http://

MOTIF P10073:1-6|RCADE_ZSCAN22_4_14

letter-probability matrix: alength= 4 w= 11 nsites= 1 E= 0
  0.040775	  0.000668	  0.957888	  0.000668	
  0.941845	  0.000668	  0.022059	  0.035428	
  0.043449	  0.161096	  0.412433	  0.383021	
  0.070187	  0.022059	  0.901738	  0.006016	
  0.027406	  0.000668	  0.971257	  0.000668	
  0.377674	  0.409759	  0.134358	  0.078209	
  0.115642	  0.006016	  0.877674	  0.000668	
  0.000668	  0.006016	  0.992647	  0.000668	
  0.722594	  0.217246	  0.038102	  0.022059	
  0.043449	  0.006016	  0.936497	  0.014037	
  0.091578	  0.027406	  0.858957	  0.022059	

URL http://

MOTIF P10073:1-6|RCADE_ZSCAN22_5_15

letter-probability matrix: alength= 4 w= 11 nsites= 1 E= 0
  0.941845	  0.000668	  0.022059	  0.035428	
  0.043449	  0.161096	  0.412433	  0.383021	
  0.070187	  0.022059	  0.901738	  0.006016	
  0.027406	  0.000668	  0.971257	  0.000668	
  0.377674	  0.409759	  0.134358	  0.078209	
  0.115642	  0.006016	  0.877674	  0.000668	
  0.000668	  0.006016	  0.992647	  0.000668	
  0.722594	  0.217246	  0.038102	  0.022059	
  0.043449	  0.006016	  0.936497	  0.014037	
  0.091578	  0.027406	  0.858957	  0.022059	
  0.102273	  0.765374	  0.062166	  0.070187	

URL http://

MOTIF P10073:1-6|RCADE_ZSCAN22_6_16

letter-probability matrix: alength= 4 w= 11 nsites= 1 E= 0
  0.043449	  0.161096	  0.412433	  0.383021	
  0.070187	  0.022059	  0.901738	  0.006016	
  0.027406	  0.000668	  0.971257	  0.000668	
  0.377674	  0.409759	  0.134358	  0.078209	
  0.115642	  0.006016	  0.877674	  0.000668	
  0.000668	  0.006016	  0.992647	  0.000668	
  0.722594	  0.217246	  0.038102	  0.022059	
  0.043449	  0.006016	  0.936497	  0.014037	
  0.091578	  0.027406	  0.858957	  0.022059	
  0.102273	  0.765374	  0.062166	  0.070187	
  0.252005	  0.243984	  0.308155	  0.195856	

URL http://

MOTIF P10073:1-6|RCADE_ZSCAN22_7_17

letter-probability matrix: alength= 4 w= 11 nsites= 1 E= 0
  0.070187	  0.022059	  0.901738	  0.006016	
  0.027406	  0.000668	  0.971257	  0.000668	
  0.377674	  0.409759	  0.134358	  0.078209	
  0.115642	  0.006016	  0.877674	  0.000668	
  0.000668	  0.006016	  0.992647	  0.000668	
  0.722594	  0.217246	  0.038102	  0.022059	
  0.043449	  0.006016	  0.936497	  0.014037	
  0.091578	  0.027406	  0.858957	  0.022059	
  0.102273	  0.765374	  0.062166	  0.070187	
  0.252005	  0.243984	  0.308155	  0.195856	
  0.179813	  0.243984	  0.471257	  0.104947	

URL http://

MOTIF P10073:1-6|RCADE_ZSCAN22_8_17

letter-probability matrix: alength= 4 w= 10 nsites= 1 E= 0
  0.027406	  0.000668	  0.971257	  0.000668	
  0.377674	  0.409759	  0.134358	  0.078209	
  0.115642	  0.006016	  0.877674	  0.000668	
  0.000668	  0.006016	  0.992647	  0.000668	
  0.722594	  0.217246	  0.038102	  0.022059	
  0.043449	  0.006016	  0.936497	  0.014037	
  0.091578	  0.027406	  0.858957	  0.022059	
  0.102273	  0.765374	  0.062166	  0.070187	
  0.252005	  0.243984	  0.308155	  0.195856	
  0.179813	  0.243984	  0.471257	  0.104947	

URL http://

MOTIF P10073:1-6|RCADE_ZSCAN22_9_17

letter-probability matrix: alength= 4 w= 9 nsites= 1 E= 0
  0.377674	  0.409759	  0.134358	  0.078209	
  0.115642	  0.006016	  0.877674	  0.000668	
  0.000668	  0.006016	  0.992647	  0.000668	
  0.722594	  0.217246	  0.038102	  0.022059	
  0.043449	  0.006016	  0.936497	  0.014037	
  0.091578	  0.027406	  0.858957	  0.022059	
  0.102273	  0.765374	  0.062166	  0.070187	
  0.252005	  0.243984	  0.308155	  0.195856	
  0.179813	  0.243984	  0.471257	  0.104947	

URL http://

MOTIF P10073:1-6|RCADE_ZSCAN22_10_17

letter-probability matrix: alength= 4 w= 8 nsites= 1 E= 0
  0.115642	  0.006016	  0.877674	  0.000668	
  0.000668	  0.006016	  0.992647	  0.000668	
  0.722594	  0.217246	  0.038102	  0.022059	
  0.043449	  0.006016	  0.936497	  0.014037	
  0.091578	  0.027406	  0.858957	  0.022059	
  0.102273	  0.765374	  0.062166	  0.070187	
  0.252005	  0.243984	  0.308155	  0.195856	
  0.179813	  0.243984	  0.471257	  0.104947	

URL http://

MOTIF Q8TF45:5-9|RCADE_ZNF418_0_7

letter-probability matrix: alength= 4 w= 8 nsites= 1 E= 0
  0.475118	  0.299763	  0.171801	  0.053317	
  0.418246	  0.015403	  0.328199	  0.238152	
  0.077014	  0.005924	  0.896919	  0.020142	
  0.607820	  0.091232	  0.058057	  0.242891	
  0.299763	  0.010663	  0.683649	  0.005924	
  0.105450	  0.005924	  0.863744	  0.024882	
  0.072275	  0.911137	  0.015403	  0.001185	
  0.067535	  0.219194	  0.005924	  0.707346	

URL http://

MOTIF Q8TF45:5-9|RCADE_ZNF418_0_8

letter-probability matrix: alength= 4 w= 9 nsites= 1 E= 0
  0.475118	  0.299763	  0.171801	  0.053317	
  0.418246	  0.015403	  0.328199	  0.238152	
  0.077014	  0.005924	  0.896919	  0.020142	
  0.607820	  0.091232	  0.058057	  0.242891	
  0.299763	  0.010663	  0.683649	  0.005924	
  0.105450	  0.005924	  0.863744	  0.024882	
  0.072275	  0.911137	  0.015403	  0.001185	
  0.067535	  0.219194	  0.005924	  0.707346	
  0.844787	  0.029621	  0.077014	  0.048578	

URL http://

MOTIF Q8TF45:5-9|RCADE_ZNF418_0_9

letter-probability matrix: alength= 4 w= 10 nsites= 1 E= 0
  0.475118	  0.299763	  0.171801	  0.053317	
  0.418246	  0.015403	  0.328199	  0.238152	
  0.077014	  0.005924	  0.896919	  0.020142	
  0.607820	  0.091232	  0.058057	  0.242891	
  0.299763	  0.010663	  0.683649	  0.005924	
  0.105450	  0.005924	  0.863744	  0.024882	
  0.072275	  0.911137	  0.015403	  0.001185	
  0.067535	  0.219194	  0.005924	  0.707346	
  0.844787	  0.029621	  0.077014	  0.048578	
  0.726303	  0.181280	  0.058057	  0.034360	

URL http://

MOTIF Q8TF45:5-9|RCADE_ZNF418_0_10

letter-probability matrix: alength= 4 w= 11 nsites= 1 E= 0
  0.475118	  0.299763	  0.171801	  0.053317	
  0.418246	  0.015403	  0.328199	  0.238152	
  0.077014	  0.005924	  0.896919	  0.020142	
  0.607820	  0.091232	  0.058057	  0.242891	
  0.299763	  0.010663	  0.683649	  0.005924	
  0.105450	  0.005924	  0.863744	  0.024882	
  0.072275	  0.911137	  0.015403	  0.001185	
  0.067535	  0.219194	  0.005924	  0.707346	
  0.844787	  0.029621	  0.077014	  0.048578	
  0.726303	  0.181280	  0.058057	  0.034360	
  0.982227	  0.005924	  0.010663	  0.001185	

URL http://

MOTIF Q8TF45:5-9|RCADE_ZNF418_1_11

letter-probability matrix: alength= 4 w= 11 nsites= 1 E= 0
  0.418246	  0.015403	  0.328199	  0.238152	
  0.077014	  0.005924	  0.896919	  0.020142	
  0.607820	  0.091232	  0.058057	  0.242891	
  0.299763	  0.010663	  0.683649	  0.005924	
  0.105450	  0.005924	  0.863744	  0.024882	
  0.072275	  0.911137	  0.015403	  0.001185	
  0.067535	  0.219194	  0.005924	  0.707346	
  0.844787	  0.029621	  0.077014	  0.048578	
  0.726303	  0.181280	  0.058057	  0.034360	
  0.982227	  0.005924	  0.010663	  0.001185	
  0.901659	  0.001185	  0.086493	  0.010663	

URL http://

MOTIF Q8TF45:5-9|RCADE_ZNF418_2_12

letter-probability matrix: alength= 4 w= 11 nsites= 1 E= 0
  0.077014	  0.005924	  0.896919	  0.020142	
  0.607820	  0.091232	  0.058057	  0.242891	
  0.299763	  0.010663	  0.683649	  0.005924	
  0.105450	  0.005924	  0.863744	  0.024882	
  0.072275	  0.911137	  0.015403	  0.001185	
  0.067535	  0.219194	  0.005924	  0.707346	
  0.844787	  0.029621	  0.077014	  0.048578	
  0.726303	  0.181280	  0.058057	  0.034360	
  0.982227	  0.005924	  0.010663	  0.001185	
  0.901659	  0.001185	  0.086493	  0.010663	
  0.162322	  0.005924	  0.792654	  0.039100	

URL http://

MOTIF Q8TF45:5-9|RCADE_ZNF418_3_13

letter-probability matrix: alength= 4 w= 11 nsites= 1 E= 0
  0.607820	  0.091232	  0.058057	  0.242891	
  0.299763	  0.010663	  0.683649	  0.005924	
  0.105450	  0.005924	  0.863744	  0.024882	
  0.072275	  0.911137	  0.015403	  0.001185	
  0.067535	  0.219194	  0.005924	  0.707346	
  0.844787	  0.029621	  0.077014	  0.048578	
  0.726303	  0.181280	  0.058057	  0.034360	
  0.982227	  0.005924	  0.010663	  0.001185	
  0.901659	  0.001185	  0.086493	  0.010663	
  0.162322	  0.005924	  0.792654	  0.039100	
  0.034360	  0.911137	  0.001185	  0.053317	

URL http://

MOTIF Q8TF45:5-9|RCADE_ZNF418_4_14

letter-probability matrix: alength= 4 w= 11 nsites= 1 E= 0
  0.299763	  0.010663	  0.683649	  0.005924	
  0.105450	  0.005924	  0.863744	  0.024882	
  0.072275	  0.911137	  0.015403	  0.001185	
  0.067535	  0.219194	  0.005924	  0.707346	
  0.844787	  0.029621	  0.077014	  0.048578	
  0.726303	  0.181280	  0.058057	  0.034360	
  0.982227	  0.005924	  0.010663	  0.001185	
  0.901659	  0.001185	  0.086493	  0.010663	
  0.162322	  0.005924	  0.792654	  0.039100	
  0.034360	  0.911137	  0.001185	  0.053317	
  0.949052	  0.024882	  0.005924	  0.020142	

URL http://

MOTIF Q8TF45:5-9|RCADE_ZNF418_5_14

letter-probability matrix: alength= 4 w= 10 nsites= 1 E= 0
  0.105450	  0.005924	  0.863744	  0.024882	
  0.072275	  0.911137	  0.015403	  0.001185	
  0.067535	  0.219194	  0.005924	  0.707346	
  0.844787	  0.029621	  0.077014	  0.048578	
  0.726303	  0.181280	  0.058057	  0.034360	
  0.982227	  0.005924	  0.010663	  0.001185	
  0.901659	  0.001185	  0.086493	  0.010663	
  0.162322	  0.005924	  0.792654	  0.039100	
  0.034360	  0.911137	  0.001185	  0.053317	
  0.949052	  0.024882	  0.005924	  0.020142	

URL http://

MOTIF Q8TF45:5-9|RCADE_ZNF418_6_14

letter-probability matrix: alength= 4 w= 9 nsites= 1 E= 0
  0.072275	  0.911137	  0.015403	  0.001185	
  0.067535	  0.219194	  0.005924	  0.707346	
  0.844787	  0.029621	  0.077014	  0.048578	
  0.726303	  0.181280	  0.058057	  0.034360	
  0.982227	  0.005924	  0.010663	  0.001185	
  0.901659	  0.001185	  0.086493	  0.010663	
  0.162322	  0.005924	  0.792654	  0.039100	
  0.034360	  0.911137	  0.001185	  0.053317	
  0.949052	  0.024882	  0.005924	  0.020142	

URL http://

MOTIF Q8TF45:5-9|RCADE_ZNF418_7_14

letter-probability matrix: alength= 4 w= 8 nsites= 1 E= 0
  0.067535	  0.219194	  0.005924	  0.707346	
  0.844787	  0.029621	  0.077014	  0.048578	
  0.726303	  0.181280	  0.058057	  0.034360	
  0.982227	  0.005924	  0.010663	  0.001185	
  0.901659	  0.001185	  0.086493	  0.010663	
  0.162322	  0.005924	  0.792654	  0.039100	
  0.034360	  0.911137	  0.001185	  0.053317	
  0.949052	  0.024882	  0.005924	  0.020142	

URL http://

MOTIF O14771:1-5|RCADE_ZNF213_0_7

letter-probability matrix: alength= 4 w= 8 nsites= 1 E= 0
  0.495174	  0.290541	  0.136100	  0.078185	
  0.143822	  0.000965	  0.854247	  0.000965	
  0.946911	  0.004826	  0.047297	  0.000965	
  0.645753	  0.329151	  0.024131	  0.000965	
  0.360039	  0.506757	  0.124517	  0.008687	
  0.047297	  0.228764	  0.325290	  0.398649	
  0.082046	  0.668919	  0.120656	  0.128378	
  0.576255	  0.047297	  0.363900	  0.012548	

URL http://

MOTIF O14771:1-5|RCADE_ZNF213_0_8

letter-probability matrix: alength= 4 w= 9 nsites= 1 E= 0
  0.495174	  0.290541	  0.136100	  0.078185	
  0.143822	  0.000965	  0.854247	  0.000965	
  0.946911	  0.004826	  0.047297	  0.000965	
  0.645753	  0.329151	  0.024131	  0.000965	
  0.360039	  0.506757	  0.124517	  0.008687	
  0.047297	  0.228764	  0.325290	  0.398649	
  0.082046	  0.668919	  0.120656	  0.128378	
  0.576255	  0.047297	  0.363900	  0.012548	
  0.004826	  0.000965	  0.993243	  0.000965	

URL http://

MOTIF O14771:1-5|RCADE_ZNF213_0_9

letter-probability matrix: alength= 4 w= 10 nsites= 1 E= 0
  0.495174	  0.290541	  0.136100	  0.078185	
  0.143822	  0.000965	  0.854247	  0.000965	
  0.946911	  0.004826	  0.047297	  0.000965	
  0.645753	  0.329151	  0.024131	  0.000965	
  0.360039	  0.506757	  0.124517	  0.008687	
  0.047297	  0.228764	  0.325290	  0.398649	
  0.082046	  0.668919	  0.120656	  0.128378	
  0.576255	  0.047297	  0.363900	  0.012548	
  0.004826	  0.000965	  0.993243	  0.000965	
  0.004826	  0.035714	  0.935328	  0.024131	

URL http://

MOTIF O14771:1-5|RCADE_ZNF213_0_10

letter-probability matrix: alength= 4 w= 11 nsites= 1 E= 0
  0.495174	  0.290541	  0.136100	  0.078185	
  0.143822	  0.000965	  0.854247	  0.000965	
  0.946911	  0.004826	  0.047297	  0.000965	
  0.645753	  0.329151	  0.024131	  0.000965	
  0.360039	  0.506757	  0.124517	  0.008687	
  0.047297	  0.228764	  0.325290	  0.398649	
  0.082046	  0.668919	  0.120656	  0.128378	
  0.576255	  0.047297	  0.363900	  0.012548	
  0.004826	  0.000965	  0.993243	  0.000965	
  0.004826	  0.035714	  0.935328	  0.024131	
  0.024131	  0.962355	  0.000965	  0.012548	

URL http://

MOTIF O14771:1-5|RCADE_ZNF213_1_11

letter-probability matrix: alength= 4 w= 11 nsites= 1 E= 0
  0.143822	  0.000965	  0.854247	  0.000965	
  0.946911	  0.004826	  0.047297	  0.000965	
  0.645753	  0.329151	  0.024131	  0.000965	
  0.360039	  0.506757	  0.124517	  0.008687	
  0.047297	  0.228764	  0.325290	  0.398649	
  0.082046	  0.668919	  0.120656	  0.128378	
  0.576255	  0.047297	  0.363900	  0.012548	
  0.004826	  0.000965	  0.993243	  0.000965	
  0.004826	  0.035714	  0.935328	  0.024131	
  0.024131	  0.962355	  0.000965	  0.012548	
  0.139961	  0.039575	  0.688224	  0.132239	

URL http://

MOTIF O14771:1-5|RCADE_ZNF213_2_12

letter-probability matrix: alength= 4 w= 11 nsites= 1 E= 0
  0.946911	  0.004826	  0.047297	  0.000965	
  0.645753	  0.329151	  0.024131	  0.000965	
  0.360039	  0.506757	  0.124517	  0.008687	
  0.047297	  0.228764	  0.325290	  0.398649	
  0.082046	  0.668919	  0.120656	  0.128378	
  0.576255	  0.047297	  0.363900	  0.012548	
  0.004826	  0.000965	  0.993243	  0.000965	
  0.004826	  0.035714	  0.935328	  0.024131	
  0.024131	  0.962355	  0.000965	  0.012548	
  0.139961	  0.039575	  0.688224	  0.132239	
  0.043436	  0.166988	  0.765444	  0.024131	

URL http://

MOTIF O14771:1-5|RCADE_ZNF213_3_13

letter-probability matrix: alength= 4 w= 11 nsites= 1 E= 0
  0.645753	  0.329151	  0.024131	  0.000965	
  0.360039	  0.506757	  0.124517	  0.008687	
  0.047297	  0.228764	  0.325290	  0.398649	
  0.082046	  0.668919	  0.120656	  0.128378	
  0.576255	  0.047297	  0.363900	  0.012548	
  0.004826	  0.000965	  0.993243	  0.000965	
  0.004826	  0.035714	  0.935328	  0.024131	
  0.024131	  0.962355	  0.000965	  0.012548	
  0.139961	  0.039575	  0.688224	  0.132239	
  0.043436	  0.166988	  0.765444	  0.024131	
  0.217181	  0.668919	  0.112934	  0.000965	

URL http://

MOTIF O14771:1-5|RCADE_ZNF213_4_14

letter-probability matrix: alength= 4 w= 11 nsites= 1 E= 0
  0.360039	  0.506757	  0.124517	  0.008687	
  0.047297	  0.228764	  0.325290	  0.398649	
  0.082046	  0.668919	  0.120656	  0.128378	
  0.576255	  0.047297	  0.363900	  0.012548	
  0.004826	  0.000965	  0.993243	  0.000965	
  0.004826	  0.035714	  0.935328	  0.024131	
  0.024131	  0.962355	  0.000965	  0.012548	
  0.139961	  0.039575	  0.688224	  0.132239	
  0.043436	  0.166988	  0.765444	  0.024131	
  0.217181	  0.668919	  0.112934	  0.000965	
  0.058880	  0.012548	  0.919884	  0.008687	

URL http://

MOTIF O14771:1-5|RCADE_ZNF213_5_14

letter-probability matrix: alength= 4 w= 10 nsites= 1 E= 0
  0.047297	  0.228764	  0.325290	  0.398649	
  0.082046	  0.668919	  0.120656	  0.128378	
  0.576255	  0.047297	  0.363900	  0.012548	
  0.004826	  0.000965	  0.993243	  0.000965	
  0.004826	  0.035714	  0.935328	  0.024131	
  0.024131	  0.962355	  0.000965	  0.012548	
  0.139961	  0.039575	  0.688224	  0.132239	
  0.043436	  0.166988	  0.765444	  0.024131	
  0.217181	  0.668919	  0.112934	  0.000965	
  0.058880	  0.012548	  0.919884	  0.008687	

URL http://

MOTIF O14771:1-5|RCADE_ZNF213_6_14

letter-probability matrix: alength= 4 w= 9 nsites= 1 E= 0
  0.082046	  0.668919	  0.120656	  0.128378	
  0.576255	  0.047297	  0.363900	  0.012548	
  0.004826	  0.000965	  0.993243	  0.000965	
  0.004826	  0.035714	  0.935328	  0.024131	
  0.024131	  0.962355	  0.000965	  0.012548	
  0.139961	  0.039575	  0.688224	  0.132239	
  0.043436	  0.166988	  0.765444	  0.024131	
  0.217181	  0.668919	  0.112934	  0.000965	
  0.058880	  0.012548	  0.919884	  0.008687	

URL http://

MOTIF O14771:1-5|RCADE_ZNF213_7_14

letter-probability matrix: alength= 4 w= 8 nsites= 1 E= 0
  0.576255	  0.047297	  0.363900	  0.012548	
  0.004826	  0.000965	  0.993243	  0.000965	
  0.004826	  0.035714	  0.935328	  0.024131	
  0.024131	  0.962355	  0.000965	  0.012548	
  0.139961	  0.039575	  0.688224	  0.132239	
  0.043436	  0.166988	  0.765444	  0.024131	
  0.217181	  0.668919	  0.112934	  0.000965	
  0.058880	  0.012548	  0.919884	  0.008687	

URL http://

MOTIF Q9C0F3:7-11|RCADE_ZNF436_0_7

letter-probability matrix: alength= 4 w= 8 nsites= 1 E= 0
  0.051816	  0.030449	  0.041133	  0.876603	
  0.004808	  0.987714	  0.002671	  0.004808	
  0.002671	  0.880876	  0.002671	  0.113782	
  0.045406	  0.034722	  0.006944	  0.912927	
  0.030449	  0.934295	  0.011218	  0.024039	
  0.009081	  0.953526	  0.000534	  0.036859	
  0.863782	  0.017628	  0.079594	  0.038996	
  0.064637	  0.011218	  0.844551	  0.079594	

URL http://

MOTIF Q9C0F3:7-11|RCADE_ZNF436_0_8

letter-probability matrix: alength= 4 w= 9 nsites= 1 E= 0
  0.051816	  0.030449	  0.041133	  0.876603	
  0.004808	  0.987714	  0.002671	  0.004808	
  0.002671	  0.880876	  0.002671	  0.113782	
  0.045406	  0.034722	  0.006944	  0.912927	
  0.030449	  0.934295	  0.011218	  0.024039	
  0.009081	  0.953526	  0.000534	  0.036859	
  0.863782	  0.017628	  0.079594	  0.038996	
  0.064637	  0.011218	  0.844551	  0.079594	
  0.019765	  0.004808	  0.972756	  0.002671	

URL http://

MOTIF Q9C0F3:7-11|RCADE_ZNF436_0_9

letter-probability matrix: alength= 4 w= 10 nsites= 1 E= 0
  0.051816	  0.030449	  0.041133	  0.876603	
  0.004808	  0.987714	  0.002671	  0.004808	
  0.002671	  0.880876	  0.002671	  0.113782	
  0.045406	  0.034722	  0.006944	  0.912927	
  0.030449	  0.934295	  0.011218	  0.024039	
  0.009081	  0.953526	  0.000534	  0.036859	
  0.863782	  0.017628	  0.079594	  0.038996	
  0.064637	  0.011218	  0.844551	  0.079594	
  0.019765	  0.004808	  0.972756	  0.002671	
  0.754808	  0.156517	  0.081731	  0.006944	

URL http://

MOTIF Q9C0F3:7-11|RCADE_ZNF436_0_10

letter-probability matrix: alength= 4 w= 11 nsites= 1 E= 0
  0.051816	  0.030449	  0.041133	  0.876603	
  0.004808	  0.987714	  0.002671	  0.004808	
  0.002671	  0.880876	  0.002671	  0.113782	
  0.045406	  0.034722	  0.006944	  0.912927	
  0.030449	  0.934295	  0.011218	  0.024039	
  0.009081	  0.953526	  0.000534	  0.036859	
  0.863782	  0.017628	  0.079594	  0.038996	
  0.064637	  0.011218	  0.844551	  0.079594	
  0.019765	  0.004808	  0.972756	  0.002671	
  0.754808	  0.156517	  0.081731	  0.006944	
  0.930021	  0.015492	  0.026175	  0.028312	

URL http://

MOTIF Q9C0F3:7-11|RCADE_ZNF436_1_11

letter-probability matrix: alength= 4 w= 11 nsites= 1 E= 0
  0.004808	  0.987714	  0.002671	  0.004808	
  0.002671	  0.880876	  0.002671	  0.113782	
  0.045406	  0.034722	  0.006944	  0.912927	
  0.030449	  0.934295	  0.011218	  0.024039	
  0.009081	  0.953526	  0.000534	  0.036859	
  0.863782	  0.017628	  0.079594	  0.038996	
  0.064637	  0.011218	  0.844551	  0.079594	
  0.019765	  0.004808	  0.972756	  0.002671	
  0.754808	  0.156517	  0.081731	  0.006944	
  0.930021	  0.015492	  0.026175	  0.028312	
  0.000534	  0.000534	  0.998397	  0.000534	

URL http://

MOTIF Q9C0F3:7-11|RCADE_ZNF436_2_12

letter-probability matrix: alength= 4 w= 11 nsites= 1 E= 0
  0.002671	  0.880876	  0.002671	  0.113782	
  0.045406	  0.034722	  0.006944	  0.912927	
  0.030449	  0.934295	  0.011218	  0.024039	
  0.009081	  0.953526	  0.000534	  0.036859	
  0.863782	  0.017628	  0.079594	  0.038996	
  0.064637	  0.011218	  0.844551	  0.079594	
  0.019765	  0.004808	  0.972756	  0.002671	
  0.754808	  0.156517	  0.081731	  0.006944	
  0.930021	  0.015492	  0.026175	  0.028312	
  0.000534	  0.000534	  0.998397	  0.000534	
  0.028312	  0.722756	  0.071047	  0.177885	

URL http://

MOTIF Q9C0F3:7-11|RCADE_ZNF436_3_13

letter-probability matrix: alength= 4 w= 11 nsites= 1 E= 0
  0.045406	  0.034722	  0.006944	  0.912927	
  0.030449	  0.934295	  0.011218	  0.024039	
  0.009081	  0.953526	  0.000534	  0.036859	
  0.863782	  0.017628	  0.079594	  0.038996	
  0.064637	  0.011218	  0.844551	  0.079594	
  0.019765	  0.004808	  0.972756	  0.002671	
  0.754808	  0.156517	  0.081731	  0.006944	
  0.930021	  0.015492	  0.026175	  0.028312	
  0.000534	  0.000534	  0.998397	  0.000534	
  0.028312	  0.722756	  0.071047	  0.177885	
  0.017628	  0.936432	  0.013355	  0.032586	

URL http://

MOTIF Q9C0F3:7-11|RCADE_ZNF436_4_14

letter-probability matrix: alength= 4 w= 11 nsites= 1 E= 0
  0.030449	  0.934295	  0.011218	  0.024039	
  0.009081	  0.953526	  0.000534	  0.036859	
  0.863782	  0.017628	  0.079594	  0.038996	
  0.064637	  0.011218	  0.844551	  0.079594	
  0.019765	  0.004808	  0.972756	  0.002671	
  0.754808	  0.156517	  0.081731	  0.006944	
  0.930021	  0.015492	  0.026175	  0.028312	
  0.000534	  0.000534	  0.998397	  0.000534	
  0.028312	  0.722756	  0.071047	  0.177885	
  0.017628	  0.936432	  0.013355	  0.032586	
  0.034722	  0.519765	  0.026175	  0.419338	

URL http://

MOTIF Q9C0F3:7-11|RCADE_ZNF436_5_14

letter-probability matrix: alength= 4 w= 10 nsites= 1 E= 0
  0.009081	  0.953526	  0.000534	  0.036859	
  0.863782	  0.017628	  0.079594	  0.038996	
  0.064637	  0.011218	  0.844551	  0.079594	
  0.019765	  0.004808	  0.972756	  0.002671	
  0.754808	  0.156517	  0.081731	  0.006944	
  0.930021	  0.015492	  0.026175	  0.028312	
  0.000534	  0.000534	  0.998397	  0.000534	
  0.028312	  0.722756	  0.071047	  0.177885	
  0.017628	  0.936432	  0.013355	  0.032586	
  0.034722	  0.519765	  0.026175	  0.419338	

URL http://

MOTIF Q9C0F3:7-11|RCADE_ZNF436_6_14

letter-probability matrix: alength= 4 w= 9 nsites= 1 E= 0
  0.863782	  0.017628	  0.079594	  0.038996	
  0.064637	  0.011218	  0.844551	  0.079594	
  0.019765	  0.004808	  0.972756	  0.002671	
  0.754808	  0.156517	  0.081731	  0.006944	
  0.930021	  0.015492	  0.026175	  0.028312	
  0.000534	  0.000534	  0.998397	  0.000534	
  0.028312	  0.722756	  0.071047	  0.177885	
  0.017628	  0.936432	  0.013355	  0.032586	
  0.034722	  0.519765	  0.026175	  0.419338	

URL http://

MOTIF Q9C0F3:7-11|RCADE_ZNF436_7_14

letter-probability matrix: alength= 4 w= 8 nsites= 1 E= 0
  0.064637	  0.011218	  0.844551	  0.079594	
  0.019765	  0.004808	  0.972756	  0.002671	
  0.754808	  0.156517	  0.081731	  0.006944	
  0.930021	  0.015492	  0.026175	  0.028312	
  0.000534	  0.000534	  0.998397	  0.000534	
  0.028312	  0.722756	  0.071047	  0.177885	
  0.017628	  0.936432	  0.013355	  0.032586	
  0.034722	  0.519765	  0.026175	  0.419338	

URL http://

MOTIF Q96NJ6:1-6|RCADE_ZFP3_0_7

letter-probability matrix: alength= 4 w= 8 nsites= 1 E= 0
  0.114672	  0.014957	  0.801282	  0.069088	
  0.106125	  0.074786	  0.701567	  0.117521	
  0.391026	  0.180199	  0.197293	  0.231481	
  0.128917	  0.117521	  0.063390	  0.690171	
  0.165954	  0.051994	  0.724359	  0.057692	
  0.416667	  0.208689	  0.131766	  0.242877	
  0.467949	  0.080484	  0.402422	  0.049145	
  0.003561	  0.080484	  0.108974	  0.806980	

URL http://

MOTIF Q96NJ6:1-6|RCADE_ZFP3_0_8

letter-probability matrix: alength= 4 w= 9 nsites= 1 E= 0
  0.114672	  0.014957	  0.801282	  0.069088	
  0.106125	  0.074786	  0.701567	  0.117521	
  0.391026	  0.180199	  0.197293	  0.231481	
  0.128917	  0.117521	  0.063390	  0.690171	
  0.165954	  0.051994	  0.724359	  0.057692	
  0.416667	  0.208689	  0.131766	  0.242877	
  0.467949	  0.080484	  0.402422	  0.049145	
  0.003561	  0.080484	  0.108974	  0.806980	
  0.986467	  0.000712	  0.000712	  0.012108	

URL http://

MOTIF Q96NJ6:1-6|RCADE_ZFP3_0_9

letter-probability matrix: alength= 4 w= 10 nsites= 1 E= 0
  0.114672	  0.014957	  0.801282	  0.069088	
  0.106125	  0.074786	  0.701567	  0.117521	
  0.391026	  0.180199	  0.197293	  0.231481	
  0.128917	  0.117521	  0.063390	  0.690171	
  0.165954	  0.051994	  0.724359	  0.057692	
  0.416667	  0.208689	  0.131766	  0.242877	
  0.467949	  0.080484	  0.402422	  0.049145	
  0.003561	  0.080484	  0.108974	  0.806980	
  0.986467	  0.000712	  0.000712	  0.012108	
  0.063390	  0.014957	  0.906695	  0.014957	

URL http://

MOTIF Q96NJ6:1-6|RCADE_ZFP3_0_10

letter-probability matrix: alength= 4 w= 11 nsites= 1 E= 0
  0.114672	  0.014957	  0.801282	  0.069088	
  0.106125	  0.074786	  0.701567	  0.117521	
  0.391026	  0.180199	  0.197293	  0.231481	
  0.128917	  0.117521	  0.063390	  0.690171	
  0.165954	  0.051994	  0.724359	  0.057692	
  0.416667	  0.208689	  0.131766	  0.242877	
  0.467949	  0.080484	  0.402422	  0.049145	
  0.003561	  0.080484	  0.108974	  0.806980	
  0.986467	  0.000712	  0.000712	  0.012108	
  0.063390	  0.014957	  0.906695	  0.014957	
  0.040598	  0.000712	  0.957977	  0.000712	

URL http://

MOTIF Q96NJ6:1-6|RCADE_ZFP3_1_11

letter-probability matrix: alength= 4 w= 11 nsites= 1 E= 0
  0.106125	  0.074786	  0.701567	  0.117521	
  0.391026	  0.180199	  0.197293	  0.231481	
  0.128917	  0.117521	  0.063390	  0.690171	
  0.165954	  0.051994	  0.724359	  0.057692	
  0.416667	  0.208689	  0.131766	  0.242877	
  0.467949	  0.080484	  0.402422	  0.049145	
  0.003561	  0.080484	  0.108974	  0.806980	
  0.986467	  0.000712	  0.000712	  0.012108	
  0.063390	  0.014957	  0.906695	  0.014957	
  0.040598	  0.000712	  0.957977	  0.000712	
  0.995014	  0.000712	  0.000712	  0.003561	

URL http://

MOTIF Q96NJ6:1-6|RCADE_ZFP3_2_12

letter-probability matrix: alength= 4 w= 11 nsites= 1 E= 0
  0.391026	  0.180199	  0.197293	  0.231481	
  0.128917	  0.117521	  0.063390	  0.690171	
  0.165954	  0.051994	  0.724359	  0.057692	
  0.416667	  0.208689	  0.131766	  0.242877	
  0.467949	  0.080484	  0.402422	  0.049145	
  0.003561	  0.080484	  0.108974	  0.806980	
  0.986467	  0.000712	  0.000712	  0.012108	
  0.063390	  0.014957	  0.906695	  0.014957	
  0.040598	  0.000712	  0.957977	  0.000712	
  0.995014	  0.000712	  0.000712	  0.003561	
  0.006410	  0.000712	  0.992165	  0.000712	

URL http://

MOTIF Q96NJ6:1-6|RCADE_ZFP3_3_13

letter-probability matrix: alength= 4 w= 11 nsites= 1 E= 0
  0.128917	  0.117521	  0.063390	  0.690171	
  0.165954	  0.051994	  0.724359	  0.057692	
  0.416667	  0.208689	  0.131766	  0.242877	
  0.467949	  0.080484	  0.402422	  0.049145	
  0.003561	  0.080484	  0.108974	  0.806980	
  0.986467	  0.000712	  0.000712	  0.012108	
  0.063390	  0.014957	  0.906695	  0.014957	
  0.040598	  0.000712	  0.957977	  0.000712	
  0.995014	  0.000712	  0.000712	  0.003561	
  0.006410	  0.000712	  0.992165	  0.000712	
  0.017806	  0.225783	  0.054843	  0.701567	

URL http://

MOTIF Q96NJ6:1-6|RCADE_ZFP3_4_14

letter-probability matrix: alength= 4 w= 11 nsites= 1 E= 0
  0.165954	  0.051994	  0.724359	  0.057692	
  0.416667	  0.208689	  0.131766	  0.242877	
  0.467949	  0.080484	  0.402422	  0.049145	
  0.003561	  0.080484	  0.108974	  0.806980	
  0.986467	  0.000712	  0.000712	  0.012108	
  0.063390	  0.014957	  0.906695	  0.014957	
  0.040598	  0.000712	  0.957977	  0.000712	
  0.995014	  0.000712	  0.000712	  0.003561	
  0.006410	  0.000712	  0.992165	  0.000712	
  0.017806	  0.225783	  0.054843	  0.701567	
  0.034900	  0.188746	  0.077635	  0.698718	

URL http://

MOTIF Q96NJ6:1-6|RCADE_ZFP3_5_15

letter-probability matrix: alength= 4 w= 11 nsites= 1 E= 0
  0.416667	  0.208689	  0.131766	  0.242877	
  0.467949	  0.080484	  0.402422	  0.049145	
  0.003561	  0.080484	  0.108974	  0.806980	
  0.986467	  0.000712	  0.000712	  0.012108	
  0.063390	  0.014957	  0.906695	  0.014957	
  0.040598	  0.000712	  0.957977	  0.000712	
  0.995014	  0.000712	  0.000712	  0.003561	
  0.006410	  0.000712	  0.992165	  0.000712	
  0.017806	  0.225783	  0.054843	  0.701567	
  0.034900	  0.188746	  0.077635	  0.698718	
  0.032051	  0.499288	  0.077635	  0.391026	

URL http://

MOTIF Q96NJ6:1-6|RCADE_ZFP3_6_16

letter-probability matrix: alength= 4 w= 11 nsites= 1 E= 0
  0.467949	  0.080484	  0.402422	  0.049145	
  0.003561	  0.080484	  0.108974	  0.806980	
  0.986467	  0.000712	  0.000712	  0.012108	
  0.063390	  0.014957	  0.906695	  0.014957	
  0.040598	  0.000712	  0.957977	  0.000712	
  0.995014	  0.000712	  0.000712	  0.003561	
  0.006410	  0.000712	  0.992165	  0.000712	
  0.017806	  0.225783	  0.054843	  0.701567	
  0.034900	  0.188746	  0.077635	  0.698718	
  0.032051	  0.499288	  0.077635	  0.391026	
  0.228632	  0.114672	  0.399573	  0.257123	

URL http://

MOTIF Q96NJ6:1-6|RCADE_ZFP3_7_17

letter-probability matrix: alength= 4 w= 11 nsites= 1 E= 0
  0.003561	  0.080484	  0.108974	  0.806980	
  0.986467	  0.000712	  0.000712	  0.012108	
  0.063390	  0.014957	  0.906695	  0.014957	
  0.040598	  0.000712	  0.957977	  0.000712	
  0.995014	  0.000712	  0.000712	  0.003561	
  0.006410	  0.000712	  0.992165	  0.000712	
  0.017806	  0.225783	  0.054843	  0.701567	
  0.034900	  0.188746	  0.077635	  0.698718	
  0.032051	  0.499288	  0.077635	  0.391026	
  0.228632	  0.114672	  0.399573	  0.257123	
  0.123219	  0.448006	  0.157407	  0.271368	

URL http://

MOTIF Q96NJ6:1-6|RCADE_ZFP3_8_17

letter-probability matrix: alength= 4 w= 10 nsites= 1 E= 0
  0.986467	  0.000712	  0.000712	  0.012108	
  0.063390	  0.014957	  0.906695	  0.014957	
  0.040598	  0.000712	  0.957977	  0.000712	
  0.995014	  0.000712	  0.000712	  0.003561	
  0.006410	  0.000712	  0.992165	  0.000712	
  0.017806	  0.225783	  0.054843	  0.701567	
  0.034900	  0.188746	  0.077635	  0.698718	
  0.032051	  0.499288	  0.077635	  0.391026	
  0.228632	  0.114672	  0.399573	  0.257123	
  0.123219	  0.448006	  0.157407	  0.271368	

URL http://

MOTIF Q96NJ6:1-6|RCADE_ZFP3_9_17

letter-probability matrix: alength= 4 w= 9 nsites= 1 E= 0
  0.063390	  0.014957	  0.906695	  0.014957	
  0.040598	  0.000712	  0.957977	  0.000712	
  0.995014	  0.000712	  0.000712	  0.003561	
  0.006410	  0.000712	  0.992165	  0.000712	
  0.017806	  0.225783	  0.054843	  0.701567	
  0.034900	  0.188746	  0.077635	  0.698718	
  0.032051	  0.499288	  0.077635	  0.391026	
  0.228632	  0.114672	  0.399573	  0.257123	
  0.123219	  0.448006	  0.157407	  0.271368	

URL http://

MOTIF Q96NJ6:1-6|RCADE_ZFP3_10_17

letter-probability matrix: alength= 4 w= 8 nsites= 1 E= 0
  0.040598	  0.000712	  0.957977	  0.000712	
  0.995014	  0.000712	  0.000712	  0.003561	
  0.006410	  0.000712	  0.992165	  0.000712	
  0.017806	  0.225783	  0.054843	  0.701567	
  0.034900	  0.188746	  0.077635	  0.698718	
  0.032051	  0.499288	  0.077635	  0.391026	
  0.228632	  0.114672	  0.399573	  0.257123	
  0.123219	  0.448006	  0.157407	  0.271368	

URL http://

MOTIF P52741:2-6|RCADE_ZNF134_0_7

letter-probability matrix: alength= 4 w= 8 nsites= 1 E= 0
  0.245062	  0.469753	  0.168519	  0.116667	
  0.101852	  0.575926	  0.109259	  0.212963	
  0.037654	  0.082099	  0.091975	  0.788272	
  0.274691	  0.506790	  0.089506	  0.129012	
  0.970988	  0.000617	  0.025309	  0.003086	
  0.022839	  0.069753	  0.464815	  0.442593	
  0.012963	  0.919136	  0.000617	  0.067284	
  0.931481	  0.027778	  0.035185	  0.005556	

URL http://

MOTIF P52741:2-6|RCADE_ZNF134_0_8

letter-probability matrix: alength= 4 w= 9 nsites= 1 E= 0
  0.245062	  0.469753	  0.168519	  0.116667	
  0.101852	  0.575926	  0.109259	  0.212963	
  0.037654	  0.082099	  0.091975	  0.788272	
  0.274691	  0.506790	  0.089506	  0.129012	
  0.970988	  0.000617	  0.025309	  0.003086	
  0.022839	  0.069753	  0.464815	  0.442593	
  0.012963	  0.919136	  0.000617	  0.067284	
  0.931481	  0.027778	  0.035185	  0.005556	
  0.000617	  0.008025	  0.990741	  0.000617	

URL http://

MOTIF P52741:2-6|RCADE_ZNF134_0_9

letter-probability matrix: alength= 4 w= 10 nsites= 1 E= 0
  0.245062	  0.469753	  0.168519	  0.116667	
  0.101852	  0.575926	  0.109259	  0.212963	
  0.037654	  0.082099	  0.091975	  0.788272	
  0.274691	  0.506790	  0.089506	  0.129012	
  0.970988	  0.000617	  0.025309	  0.003086	
  0.022839	  0.069753	  0.464815	  0.442593	
  0.012963	  0.919136	  0.000617	  0.067284	
  0.931481	  0.027778	  0.035185	  0.005556	
